{
 "cells": [
  {
   "cell_type": "code",
   "execution_count": 4,
   "metadata": {},
   "outputs": [],
   "source": [
    "from __future__ import division, print_function\n",
    "import pandas as pd\n",
    "import numpy as np\n",
    "import quantiacsToolbox\n",
    "import matplotlib.pyplot as plt\n",
    "%matplotlib inline\n",
    "\n",
    "import statsmodels.tsa.api as sm\n",
    "from statsmodels.stats.diagnostic import acorr_ljungbox"
   ]
  },
  {
   "cell_type": "code",
   "execution_count": 2,
   "metadata": {},
   "outputs": [],
   "source": [
    "futuresList = ['CASH','F_AD','F_BO','F_BP','F_C','F_CC','F_CD','F_CL','F_CT',\n",
    "               'F_DX','F_EC','F_ED','F_ES','F_FC','F_FV','F_GC','F_HG','F_HO',\n",
    "               'F_JY','F_KC','F_LB','F_LC','F_LN','F_MD','F_MP','F_NG','F_NQ',\n",
    "               'F_NR','F_O','F_OJ','F_PA','F_PL','F_RB','F_RU','F_S','F_SB',\n",
    "               'F_SF','F_SI','F_SM','F_TU','F_TY','F_US','F_W','F_XX','F_YM',\n",
    "               'F_AX','F_CA','F_DT','F_UB','F_UZ','F_GS','F_LX','F_SS','F_DL',\n",
    "               'F_ZQ','F_VX','F_AE','F_BG','F_BC','F_LU','F_DM','F_AH','F_CF',\n",
    "               'F_DZ','F_FB','F_FL','F_FM','F_FP','F_FY','F_GX','F_HP','F_LR',\n",
    "               'F_LQ','F_ND','F_NY','F_PQ','F_RR','F_RF','F_RP','F_RY','F_SH',\n",
    "               'F_SX','F_TR','F_EB','F_VF','F_VT','F_VW','F_GD','F_F']"
   ]
  },
  {
   "cell_type": "code",
   "execution_count": 2,
   "metadata": {},
   "outputs": [],
   "source": [
    "indicators = pd.read_csv('./EconomicIndicators.csv')\n",
    "# quantiacsToolbox.loadData(marketList=futuresList,\n",
    "#                           dataToLoad=indicators['Code'])"
   ]
  },
  {
   "cell_type": "code",
   "execution_count": 27,
   "metadata": {
    "scrolled": true
   },
   "outputs": [
    {
     "data": {
      "text/html": [
       "<div>\n",
       "<style scoped>\n",
       "    .dataframe tbody tr th:only-of-type {\n",
       "        vertical-align: middle;\n",
       "    }\n",
       "\n",
       "    .dataframe tbody tr th {\n",
       "        vertical-align: top;\n",
       "    }\n",
       "\n",
       "    .dataframe thead th {\n",
       "        text-align: right;\n",
       "    }\n",
       "</style>\n",
       "<table border=\"1\" class=\"dataframe\">\n",
       "  <thead>\n",
       "    <tr style=\"text-align: right;\">\n",
       "      <th></th>\n",
       "      <th>Country</th>\n",
       "      <th>Category</th>\n",
       "      <th>Code</th>\n",
       "    </tr>\n",
       "  </thead>\n",
       "  <tbody>\n",
       "    <tr>\n",
       "      <th>0</th>\n",
       "      <td>United States</td>\n",
       "      <td>ADP Employment Change</td>\n",
       "      <td>USA_ADP</td>\n",
       "    </tr>\n",
       "    <tr>\n",
       "      <th>1</th>\n",
       "      <td>United States</td>\n",
       "      <td>Average Hourly Earnings</td>\n",
       "      <td>USA_EARN</td>\n",
       "    </tr>\n",
       "    <tr>\n",
       "      <th>2</th>\n",
       "      <td>United States</td>\n",
       "      <td>Average Weekly Hours</td>\n",
       "      <td>USA_HRS</td>\n",
       "    </tr>\n",
       "    <tr>\n",
       "      <th>3</th>\n",
       "      <td>United States</td>\n",
       "      <td>Balance of Trade</td>\n",
       "      <td>USA_BOT</td>\n",
       "    </tr>\n",
       "    <tr>\n",
       "      <th>4</th>\n",
       "      <td>United States</td>\n",
       "      <td>Business Confidence</td>\n",
       "      <td>USA_BC</td>\n",
       "    </tr>\n",
       "    <tr>\n",
       "      <th>5</th>\n",
       "      <td>United States</td>\n",
       "      <td>Business Inventories</td>\n",
       "      <td>USA_BI</td>\n",
       "    </tr>\n",
       "    <tr>\n",
       "      <th>6</th>\n",
       "      <td>United States</td>\n",
       "      <td>Capacity Utilization</td>\n",
       "      <td>USA_CU</td>\n",
       "    </tr>\n",
       "    <tr>\n",
       "      <th>7</th>\n",
       "      <td>United States</td>\n",
       "      <td>Capital Flows</td>\n",
       "      <td>USA_CF</td>\n",
       "    </tr>\n",
       "    <tr>\n",
       "      <th>8</th>\n",
       "      <td>United States</td>\n",
       "      <td>Challenger Job Cuts</td>\n",
       "      <td>USA_CHJC</td>\n",
       "    </tr>\n",
       "    <tr>\n",
       "      <th>9</th>\n",
       "      <td>United States</td>\n",
       "      <td>Chicago Fed National Activity Index</td>\n",
       "      <td>USA_CFNAI</td>\n",
       "    </tr>\n",
       "    <tr>\n",
       "      <th>10</th>\n",
       "      <td>United States</td>\n",
       "      <td>Chicago Pmi</td>\n",
       "      <td>USA_CP</td>\n",
       "    </tr>\n",
       "    <tr>\n",
       "      <th>11</th>\n",
       "      <td>United States</td>\n",
       "      <td>Consumer Credit</td>\n",
       "      <td>USA_CCR</td>\n",
       "    </tr>\n",
       "    <tr>\n",
       "      <th>12</th>\n",
       "      <td>United States</td>\n",
       "      <td>Consumer Price Index CPI</td>\n",
       "      <td>USA_CPI</td>\n",
       "    </tr>\n",
       "    <tr>\n",
       "      <th>13</th>\n",
       "      <td>United States</td>\n",
       "      <td>Core Consumer Prices</td>\n",
       "      <td>USA_CCPI</td>\n",
       "    </tr>\n",
       "    <tr>\n",
       "      <th>14</th>\n",
       "      <td>United States</td>\n",
       "      <td>Core Inflation Rate</td>\n",
       "      <td>USA_CINF</td>\n",
       "    </tr>\n",
       "    <tr>\n",
       "      <th>15</th>\n",
       "      <td>United States</td>\n",
       "      <td>Dallas Fed Manufacturing Index</td>\n",
       "      <td>USA_DFMI</td>\n",
       "    </tr>\n",
       "    <tr>\n",
       "      <th>16</th>\n",
       "      <td>United States</td>\n",
       "      <td>Durable Goods Orders</td>\n",
       "      <td>USA_DUR</td>\n",
       "    </tr>\n",
       "    <tr>\n",
       "      <th>17</th>\n",
       "      <td>United States</td>\n",
       "      <td>Durable Goods Orders Ex Transportation</td>\n",
       "      <td>USA_DURET</td>\n",
       "    </tr>\n",
       "    <tr>\n",
       "      <th>18</th>\n",
       "      <td>United States</td>\n",
       "      <td>Export Prices</td>\n",
       "      <td>USA_EXPX</td>\n",
       "    </tr>\n",
       "    <tr>\n",
       "      <th>19</th>\n",
       "      <td>United States</td>\n",
       "      <td>Exports</td>\n",
       "      <td>USA_EXVOL</td>\n",
       "    </tr>\n",
       "    <tr>\n",
       "      <th>20</th>\n",
       "      <td>United States</td>\n",
       "      <td>Factory Orders Ex Transportation</td>\n",
       "      <td>USA_FRET</td>\n",
       "    </tr>\n",
       "    <tr>\n",
       "      <th>21</th>\n",
       "      <td>United States</td>\n",
       "      <td>Foreign Bond Investment</td>\n",
       "      <td>USA_FBI</td>\n",
       "    </tr>\n",
       "    <tr>\n",
       "      <th>22</th>\n",
       "      <td>United States</td>\n",
       "      <td>Government Budget Value</td>\n",
       "      <td>USA_GBVL</td>\n",
       "    </tr>\n",
       "    <tr>\n",
       "      <th>23</th>\n",
       "      <td>United States</td>\n",
       "      <td>Government Payrolls</td>\n",
       "      <td>USA_GPAY</td>\n",
       "    </tr>\n",
       "    <tr>\n",
       "      <th>24</th>\n",
       "      <td>United States</td>\n",
       "      <td>Housing Index</td>\n",
       "      <td>USA_HI</td>\n",
       "    </tr>\n",
       "    <tr>\n",
       "      <th>25</th>\n",
       "      <td>United States</td>\n",
       "      <td>Import Prices</td>\n",
       "      <td>USA_IMPX</td>\n",
       "    </tr>\n",
       "    <tr>\n",
       "      <th>26</th>\n",
       "      <td>United States</td>\n",
       "      <td>Imports</td>\n",
       "      <td>USA_IMVOL</td>\n",
       "    </tr>\n",
       "    <tr>\n",
       "      <th>27</th>\n",
       "      <td>United States</td>\n",
       "      <td>Industrial Production</td>\n",
       "      <td>USA_IP</td>\n",
       "    </tr>\n",
       "    <tr>\n",
       "      <th>28</th>\n",
       "      <td>United States</td>\n",
       "      <td>Industrial Production Mom</td>\n",
       "      <td>USA_IPMOM</td>\n",
       "    </tr>\n",
       "    <tr>\n",
       "      <th>29</th>\n",
       "      <td>United States</td>\n",
       "      <td>Inflation Rate</td>\n",
       "      <td>USA_CPIC</td>\n",
       "    </tr>\n",
       "    <tr>\n",
       "      <th>30</th>\n",
       "      <td>United States</td>\n",
       "      <td>Inflation Rate Mom</td>\n",
       "      <td>USA_CPICM</td>\n",
       "    </tr>\n",
       "    <tr>\n",
       "      <th>31</th>\n",
       "      <td>United States</td>\n",
       "      <td>Job Offers</td>\n",
       "      <td>USA_JBO</td>\n",
       "    </tr>\n",
       "    <tr>\n",
       "      <th>32</th>\n",
       "      <td>United States</td>\n",
       "      <td>Labor Force Participation Rate</td>\n",
       "      <td>USA_LFPR</td>\n",
       "    </tr>\n",
       "    <tr>\n",
       "      <th>33</th>\n",
       "      <td>United States</td>\n",
       "      <td>Leading Economic Index</td>\n",
       "      <td>USA_LEI</td>\n",
       "    </tr>\n",
       "    <tr>\n",
       "      <th>34</th>\n",
       "      <td>United States</td>\n",
       "      <td>Manufacturing Payrolls</td>\n",
       "      <td>USA_MPAY</td>\n",
       "    </tr>\n",
       "    <tr>\n",
       "      <th>35</th>\n",
       "      <td>United States</td>\n",
       "      <td>Manufacturing Production</td>\n",
       "      <td>USA_MP</td>\n",
       "    </tr>\n",
       "    <tr>\n",
       "      <th>36</th>\n",
       "      <td>United States</td>\n",
       "      <td>Nahb Housing Market Index</td>\n",
       "      <td>USA_NAHB</td>\n",
       "    </tr>\n",
       "    <tr>\n",
       "      <th>37</th>\n",
       "      <td>United States</td>\n",
       "      <td>Net Long Term Tic Flows</td>\n",
       "      <td>USA_NLTTF</td>\n",
       "    </tr>\n",
       "    <tr>\n",
       "      <th>38</th>\n",
       "      <td>United States</td>\n",
       "      <td>NFIB Business Optimism Index</td>\n",
       "      <td>USA_NFIB</td>\n",
       "    </tr>\n",
       "    <tr>\n",
       "      <th>39</th>\n",
       "      <td>United States</td>\n",
       "      <td>Non Farm Payrolls</td>\n",
       "      <td>USA_NFP</td>\n",
       "    </tr>\n",
       "    <tr>\n",
       "      <th>40</th>\n",
       "      <td>United States</td>\n",
       "      <td>Non Manufacturing PMI</td>\n",
       "      <td>USA_NMPMI</td>\n",
       "    </tr>\n",
       "    <tr>\n",
       "      <th>41</th>\n",
       "      <td>United States</td>\n",
       "      <td>Nonfarm Payrolls Private</td>\n",
       "      <td>USA_NPP</td>\n",
       "    </tr>\n",
       "    <tr>\n",
       "      <th>42</th>\n",
       "      <td>United States</td>\n",
       "      <td>NY Empire State Manufacturing Index</td>\n",
       "      <td>USA_EMPST</td>\n",
       "    </tr>\n",
       "    <tr>\n",
       "      <th>43</th>\n",
       "      <td>United States</td>\n",
       "      <td>Pending Home Sales</td>\n",
       "      <td>USA_PHS</td>\n",
       "    </tr>\n",
       "    <tr>\n",
       "      <th>44</th>\n",
       "      <td>United States</td>\n",
       "      <td>Philadelphia Fed Manufacturing Index</td>\n",
       "      <td>USA_PFED</td>\n",
       "    </tr>\n",
       "    <tr>\n",
       "      <th>45</th>\n",
       "      <td>United States</td>\n",
       "      <td>Producer Prices</td>\n",
       "      <td>USA_PP</td>\n",
       "    </tr>\n",
       "    <tr>\n",
       "      <th>46</th>\n",
       "      <td>United States</td>\n",
       "      <td>Producer Prices Change</td>\n",
       "      <td>USA_PPIC</td>\n",
       "    </tr>\n",
       "    <tr>\n",
       "      <th>47</th>\n",
       "      <td>United States</td>\n",
       "      <td>Retail Sales MoM</td>\n",
       "      <td>USA_RSM</td>\n",
       "    </tr>\n",
       "    <tr>\n",
       "      <th>48</th>\n",
       "      <td>United States</td>\n",
       "      <td>Retail Sales YoY</td>\n",
       "      <td>USA_RSY</td>\n",
       "    </tr>\n",
       "    <tr>\n",
       "      <th>49</th>\n",
       "      <td>United States</td>\n",
       "      <td>Retail Sales Ex Autos</td>\n",
       "      <td>USA_RSEA</td>\n",
       "    </tr>\n",
       "    <tr>\n",
       "      <th>50</th>\n",
       "      <td>United States</td>\n",
       "      <td>Richmond Fed Manufacturing Index</td>\n",
       "      <td>USA_RFMI</td>\n",
       "    </tr>\n",
       "    <tr>\n",
       "      <th>51</th>\n",
       "      <td>United States</td>\n",
       "      <td>Total Vehicle Sales</td>\n",
       "      <td>USA_TVS</td>\n",
       "    </tr>\n",
       "    <tr>\n",
       "      <th>52</th>\n",
       "      <td>United States</td>\n",
       "      <td>Unemployment Rate</td>\n",
       "      <td>USA_UNR</td>\n",
       "    </tr>\n",
       "    <tr>\n",
       "      <th>53</th>\n",
       "      <td>United States</td>\n",
       "      <td>Wholesale Inventories</td>\n",
       "      <td>USA_WINV</td>\n",
       "    </tr>\n",
       "  </tbody>\n",
       "</table>\n",
       "</div>"
      ],
      "text/plain": [
       "          Country                                Category       Code\n",
       "0   United States                   ADP Employment Change    USA_ADP\n",
       "1   United States                 Average Hourly Earnings   USA_EARN\n",
       "2   United States                    Average Weekly Hours    USA_HRS\n",
       "3   United States                        Balance of Trade    USA_BOT\n",
       "4   United States                     Business Confidence     USA_BC\n",
       "5   United States                    Business Inventories     USA_BI\n",
       "6   United States                    Capacity Utilization     USA_CU\n",
       "7   United States                           Capital Flows     USA_CF\n",
       "8   United States                     Challenger Job Cuts   USA_CHJC\n",
       "9   United States     Chicago Fed National Activity Index  USA_CFNAI\n",
       "10  United States                             Chicago Pmi     USA_CP\n",
       "11  United States                         Consumer Credit    USA_CCR\n",
       "12  United States                Consumer Price Index CPI    USA_CPI\n",
       "13  United States                    Core Consumer Prices   USA_CCPI\n",
       "14  United States                     Core Inflation Rate   USA_CINF\n",
       "15  United States         Dallas Fed Manufacturing Index    USA_DFMI\n",
       "16  United States                    Durable Goods Orders    USA_DUR\n",
       "17  United States  Durable Goods Orders Ex Transportation  USA_DURET\n",
       "18  United States                           Export Prices   USA_EXPX\n",
       "19  United States                                 Exports  USA_EXVOL\n",
       "20  United States        Factory Orders Ex Transportation   USA_FRET\n",
       "21  United States                 Foreign Bond Investment    USA_FBI\n",
       "22  United States                 Government Budget Value   USA_GBVL\n",
       "23  United States                     Government Payrolls   USA_GPAY\n",
       "24  United States                           Housing Index     USA_HI\n",
       "25  United States                           Import Prices   USA_IMPX\n",
       "26  United States                                 Imports  USA_IMVOL\n",
       "27  United States                   Industrial Production     USA_IP\n",
       "28  United States               Industrial Production Mom  USA_IPMOM\n",
       "29  United States                          Inflation Rate   USA_CPIC\n",
       "30  United States                      Inflation Rate Mom  USA_CPICM\n",
       "31  United States                              Job Offers    USA_JBO\n",
       "32  United States          Labor Force Participation Rate   USA_LFPR\n",
       "33  United States                  Leading Economic Index    USA_LEI\n",
       "34  United States                  Manufacturing Payrolls   USA_MPAY\n",
       "35  United States                Manufacturing Production     USA_MP\n",
       "36  United States               Nahb Housing Market Index   USA_NAHB\n",
       "37  United States                 Net Long Term Tic Flows  USA_NLTTF\n",
       "38  United States            NFIB Business Optimism Index   USA_NFIB\n",
       "39  United States                       Non Farm Payrolls    USA_NFP\n",
       "40  United States                   Non Manufacturing PMI  USA_NMPMI\n",
       "41  United States                Nonfarm Payrolls Private    USA_NPP\n",
       "42  United States     NY Empire State Manufacturing Index  USA_EMPST\n",
       "43  United States                      Pending Home Sales    USA_PHS\n",
       "44  United States    Philadelphia Fed Manufacturing Index   USA_PFED\n",
       "45  United States                         Producer Prices     USA_PP\n",
       "46  United States                  Producer Prices Change   USA_PPIC\n",
       "47  United States                        Retail Sales MoM    USA_RSM\n",
       "48  United States                        Retail Sales YoY    USA_RSY\n",
       "49  United States                   Retail Sales Ex Autos   USA_RSEA\n",
       "50  United States       Richmond Fed Manufacturing Index    USA_RFMI\n",
       "51  United States                     Total Vehicle Sales    USA_TVS\n",
       "52  United States                       Unemployment Rate    USA_UNR\n",
       "53  United States                   Wholesale Inventories   USA_WINV"
      ]
     },
     "execution_count": 27,
     "metadata": {},
     "output_type": "execute_result"
    }
   ],
   "source": [
    "indicators"
   ]
  },
  {
   "cell_type": "code",
   "execution_count": 62,
   "metadata": {},
   "outputs": [],
   "source": [
    "files = filter(lambda x: 'F_' in x, os.listdir('./tickerData/'))\n",
    "res = []\n",
    "for filename in files:\n",
    "    res.append(pd.read_table('./tickerData/' + filename, sep=',', index_col='DATE',\n",
    "                             parse_dates=True, skipinitialspace=True)['CLOSE'])\n",
    "\n",
    "res = pd.concat(res, axis=1, join='outer')\n",
    "res.columns = map(lambda x: x[:-4], files)"
   ]
  },
  {
   "cell_type": "code",
   "execution_count": 21,
   "metadata": {},
   "outputs": [],
   "source": [
    "df = pd.read_csv('./full_data_futures.csv', index_col='DATE', parse_dates=True, infer_datetime_format=True)\n",
    "df = df['2010-01-01':].asfreq('D').asfreq('B').fillna(method='ffill')"
   ]
  },
  {
   "cell_type": "markdown",
   "metadata": {},
   "source": [
    "Check if there is serial autocorrelation at 40 lags for all Futures"
   ]
  },
  {
   "cell_type": "code",
   "execution_count": 12,
   "metadata": {},
   "outputs": [
    {
     "data": {
      "text/plain": [
       "True"
      ]
     },
     "execution_count": 12,
     "metadata": {},
     "output_type": "execute_result"
    }
   ],
   "source": [
    "df.apply(lambda x: np.less_equal(acorr_ljungbox(x)[1], 0.001).all(), axis=0).all()"
   ]
  },
  {
   "cell_type": "code",
   "execution_count": 53,
   "metadata": {},
   "outputs": [],
   "source": [
    "# take top 10 uncorrelated futures for VAR model, should replace with Granger tests\n",
    "uncorr = df.pct_change().corr().abs().sum()\\\n",
    "                .sort_values(ascending=True)\\\n",
    "                .index[:10].tolist()"
   ]
  },
  {
   "cell_type": "code",
   "execution_count": 22,
   "metadata": {},
   "outputs": [],
   "source": [
    "correl = df.pct_change().corr().abs().sum()\\\n",
    "                .sort_values(ascending=False)\\\n",
    "                .index[:10].tolist()"
   ]
  },
  {
   "cell_type": "code",
   "execution_count": 55,
   "metadata": {},
   "outputs": [
    {
     "data": {
      "text/html": [
       "<div>\n",
       "<style scoped>\n",
       "    .dataframe tbody tr th:only-of-type {\n",
       "        vertical-align: middle;\n",
       "    }\n",
       "\n",
       "    .dataframe tbody tr th {\n",
       "        vertical-align: top;\n",
       "    }\n",
       "\n",
       "    .dataframe thead th {\n",
       "        text-align: right;\n",
       "    }\n",
       "</style>\n",
       "<table border=\"1\" class=\"dataframe\">\n",
       "  <thead>\n",
       "    <tr style=\"text-align: right;\">\n",
       "      <th></th>\n",
       "      <th>F_DL</th>\n",
       "      <th>F_ZQ</th>\n",
       "      <th>F_LN</th>\n",
       "      <th>F_HP</th>\n",
       "      <th>F_EB</th>\n",
       "      <th>F_NG</th>\n",
       "      <th>F_OJ</th>\n",
       "      <th>F_ED</th>\n",
       "      <th>F_SS</th>\n",
       "      <th>F_FL</th>\n",
       "    </tr>\n",
       "  </thead>\n",
       "  <tbody>\n",
       "    <tr>\n",
       "      <th>F_DL</th>\n",
       "      <td>1.000000</td>\n",
       "      <td>0.003567</td>\n",
       "      <td>0.021563</td>\n",
       "      <td>-0.023159</td>\n",
       "      <td>-0.037309</td>\n",
       "      <td>-0.016144</td>\n",
       "      <td>-0.014016</td>\n",
       "      <td>0.010705</td>\n",
       "      <td>0.022823</td>\n",
       "      <td>0.014377</td>\n",
       "    </tr>\n",
       "    <tr>\n",
       "      <th>F_ZQ</th>\n",
       "      <td>0.003567</td>\n",
       "      <td>1.000000</td>\n",
       "      <td>-0.017838</td>\n",
       "      <td>-0.032422</td>\n",
       "      <td>0.002585</td>\n",
       "      <td>-0.027650</td>\n",
       "      <td>0.015467</td>\n",
       "      <td>0.012128</td>\n",
       "      <td>0.068232</td>\n",
       "      <td>0.054855</td>\n",
       "    </tr>\n",
       "    <tr>\n",
       "      <th>F_LN</th>\n",
       "      <td>0.021563</td>\n",
       "      <td>-0.017838</td>\n",
       "      <td>1.000000</td>\n",
       "      <td>0.024873</td>\n",
       "      <td>-0.019703</td>\n",
       "      <td>0.024512</td>\n",
       "      <td>0.027323</td>\n",
       "      <td>0.020702</td>\n",
       "      <td>-0.007780</td>\n",
       "      <td>0.059274</td>\n",
       "    </tr>\n",
       "    <tr>\n",
       "      <th>F_HP</th>\n",
       "      <td>-0.023159</td>\n",
       "      <td>-0.032422</td>\n",
       "      <td>0.024873</td>\n",
       "      <td>1.000000</td>\n",
       "      <td>0.015240</td>\n",
       "      <td>0.892527</td>\n",
       "      <td>0.018143</td>\n",
       "      <td>0.001436</td>\n",
       "      <td>0.023128</td>\n",
       "      <td>0.008403</td>\n",
       "    </tr>\n",
       "    <tr>\n",
       "      <th>F_EB</th>\n",
       "      <td>-0.037309</td>\n",
       "      <td>0.002585</td>\n",
       "      <td>-0.019703</td>\n",
       "      <td>0.015240</td>\n",
       "      <td>1.000000</td>\n",
       "      <td>0.013182</td>\n",
       "      <td>-0.022096</td>\n",
       "      <td>0.134223</td>\n",
       "      <td>0.210957</td>\n",
       "      <td>-0.028564</td>\n",
       "    </tr>\n",
       "    <tr>\n",
       "      <th>F_NG</th>\n",
       "      <td>-0.016144</td>\n",
       "      <td>-0.027650</td>\n",
       "      <td>0.024512</td>\n",
       "      <td>0.892527</td>\n",
       "      <td>0.013182</td>\n",
       "      <td>1.000000</td>\n",
       "      <td>0.028783</td>\n",
       "      <td>0.014491</td>\n",
       "      <td>0.016155</td>\n",
       "      <td>0.009459</td>\n",
       "    </tr>\n",
       "    <tr>\n",
       "      <th>F_OJ</th>\n",
       "      <td>-0.014016</td>\n",
       "      <td>0.015467</td>\n",
       "      <td>0.027323</td>\n",
       "      <td>0.018143</td>\n",
       "      <td>-0.022096</td>\n",
       "      <td>0.028783</td>\n",
       "      <td>1.000000</td>\n",
       "      <td>0.026649</td>\n",
       "      <td>-0.028710</td>\n",
       "      <td>0.049675</td>\n",
       "    </tr>\n",
       "    <tr>\n",
       "      <th>F_ED</th>\n",
       "      <td>0.010705</td>\n",
       "      <td>0.012128</td>\n",
       "      <td>0.020702</td>\n",
       "      <td>0.001436</td>\n",
       "      <td>0.134223</td>\n",
       "      <td>0.014491</td>\n",
       "      <td>0.026649</td>\n",
       "      <td>1.000000</td>\n",
       "      <td>0.186878</td>\n",
       "      <td>0.008616</td>\n",
       "    </tr>\n",
       "    <tr>\n",
       "      <th>F_SS</th>\n",
       "      <td>0.022823</td>\n",
       "      <td>0.068232</td>\n",
       "      <td>-0.007780</td>\n",
       "      <td>0.023128</td>\n",
       "      <td>0.210957</td>\n",
       "      <td>0.016155</td>\n",
       "      <td>-0.028710</td>\n",
       "      <td>0.186878</td>\n",
       "      <td>1.000000</td>\n",
       "      <td>0.016445</td>\n",
       "    </tr>\n",
       "    <tr>\n",
       "      <th>F_FL</th>\n",
       "      <td>0.014377</td>\n",
       "      <td>0.054855</td>\n",
       "      <td>0.059274</td>\n",
       "      <td>0.008403</td>\n",
       "      <td>-0.028564</td>\n",
       "      <td>0.009459</td>\n",
       "      <td>0.049675</td>\n",
       "      <td>0.008616</td>\n",
       "      <td>0.016445</td>\n",
       "      <td>1.000000</td>\n",
       "    </tr>\n",
       "  </tbody>\n",
       "</table>\n",
       "</div>"
      ],
      "text/plain": [
       "          F_DL      F_ZQ      F_LN      F_HP      F_EB      F_NG      F_OJ  \\\n",
       "F_DL  1.000000  0.003567  0.021563 -0.023159 -0.037309 -0.016144 -0.014016   \n",
       "F_ZQ  0.003567  1.000000 -0.017838 -0.032422  0.002585 -0.027650  0.015467   \n",
       "F_LN  0.021563 -0.017838  1.000000  0.024873 -0.019703  0.024512  0.027323   \n",
       "F_HP -0.023159 -0.032422  0.024873  1.000000  0.015240  0.892527  0.018143   \n",
       "F_EB -0.037309  0.002585 -0.019703  0.015240  1.000000  0.013182 -0.022096   \n",
       "F_NG -0.016144 -0.027650  0.024512  0.892527  0.013182  1.000000  0.028783   \n",
       "F_OJ -0.014016  0.015467  0.027323  0.018143 -0.022096  0.028783  1.000000   \n",
       "F_ED  0.010705  0.012128  0.020702  0.001436  0.134223  0.014491  0.026649   \n",
       "F_SS  0.022823  0.068232 -0.007780  0.023128  0.210957  0.016155 -0.028710   \n",
       "F_FL  0.014377  0.054855  0.059274  0.008403 -0.028564  0.009459  0.049675   \n",
       "\n",
       "          F_ED      F_SS      F_FL  \n",
       "F_DL  0.010705  0.022823  0.014377  \n",
       "F_ZQ  0.012128  0.068232  0.054855  \n",
       "F_LN  0.020702 -0.007780  0.059274  \n",
       "F_HP  0.001436  0.023128  0.008403  \n",
       "F_EB  0.134223  0.210957 -0.028564  \n",
       "F_NG  0.014491  0.016155  0.009459  \n",
       "F_OJ  0.026649 -0.028710  0.049675  \n",
       "F_ED  1.000000  0.186878  0.008616  \n",
       "F_SS  0.186878  1.000000  0.016445  \n",
       "F_FL  0.008616  0.016445  1.000000  "
      ]
     },
     "execution_count": 55,
     "metadata": {},
     "output_type": "execute_result"
    }
   ],
   "source": [
    "df[uncorr].pct_change().corr()"
   ]
  },
  {
   "cell_type": "code",
   "execution_count": 56,
   "metadata": {},
   "outputs": [
    {
     "data": {
      "text/html": [
       "<div>\n",
       "<style scoped>\n",
       "    .dataframe tbody tr th:only-of-type {\n",
       "        vertical-align: middle;\n",
       "    }\n",
       "\n",
       "    .dataframe tbody tr th {\n",
       "        vertical-align: top;\n",
       "    }\n",
       "\n",
       "    .dataframe thead th {\n",
       "        text-align: right;\n",
       "    }\n",
       "</style>\n",
       "<table border=\"1\" class=\"dataframe\">\n",
       "  <thead>\n",
       "    <tr style=\"text-align: right;\">\n",
       "      <th></th>\n",
       "      <th>F_FM</th>\n",
       "      <th>F_FY</th>\n",
       "      <th>F_CA</th>\n",
       "      <th>F_AX</th>\n",
       "      <th>F_AE</th>\n",
       "      <th>F_XX</th>\n",
       "      <th>F_ES</th>\n",
       "      <th>F_DM</th>\n",
       "      <th>F_MD</th>\n",
       "      <th>F_YM</th>\n",
       "    </tr>\n",
       "  </thead>\n",
       "  <tbody>\n",
       "    <tr>\n",
       "      <th>F_FM</th>\n",
       "      <td>1.000000</td>\n",
       "      <td>0.958901</td>\n",
       "      <td>0.868259</td>\n",
       "      <td>0.807734</td>\n",
       "      <td>0.904959</td>\n",
       "      <td>0.842089</td>\n",
       "      <td>0.598357</td>\n",
       "      <td>0.918480</td>\n",
       "      <td>0.596573</td>\n",
       "      <td>0.597674</td>\n",
       "    </tr>\n",
       "    <tr>\n",
       "      <th>F_FY</th>\n",
       "      <td>0.958901</td>\n",
       "      <td>1.000000</td>\n",
       "      <td>0.905795</td>\n",
       "      <td>0.841378</td>\n",
       "      <td>0.932955</td>\n",
       "      <td>0.899792</td>\n",
       "      <td>0.622674</td>\n",
       "      <td>0.896168</td>\n",
       "      <td>0.608508</td>\n",
       "      <td>0.626093</td>\n",
       "    </tr>\n",
       "    <tr>\n",
       "      <th>F_CA</th>\n",
       "      <td>0.868259</td>\n",
       "      <td>0.905795</td>\n",
       "      <td>1.000000</td>\n",
       "      <td>0.821627</td>\n",
       "      <td>0.889763</td>\n",
       "      <td>0.848581</td>\n",
       "      <td>0.621983</td>\n",
       "      <td>0.842289</td>\n",
       "      <td>0.605338</td>\n",
       "      <td>0.622296</td>\n",
       "    </tr>\n",
       "    <tr>\n",
       "      <th>F_AX</th>\n",
       "      <td>0.807734</td>\n",
       "      <td>0.841378</td>\n",
       "      <td>0.821627</td>\n",
       "      <td>1.000000</td>\n",
       "      <td>0.812778</td>\n",
       "      <td>0.877626</td>\n",
       "      <td>0.738619</td>\n",
       "      <td>0.826352</td>\n",
       "      <td>0.716670</td>\n",
       "      <td>0.723772</td>\n",
       "    </tr>\n",
       "    <tr>\n",
       "      <th>F_AE</th>\n",
       "      <td>0.904959</td>\n",
       "      <td>0.932955</td>\n",
       "      <td>0.889763</td>\n",
       "      <td>0.812778</td>\n",
       "      <td>1.000000</td>\n",
       "      <td>0.855990</td>\n",
       "      <td>0.607701</td>\n",
       "      <td>0.859639</td>\n",
       "      <td>0.596063</td>\n",
       "      <td>0.610579</td>\n",
       "    </tr>\n",
       "    <tr>\n",
       "      <th>F_XX</th>\n",
       "      <td>0.842089</td>\n",
       "      <td>0.899792</td>\n",
       "      <td>0.848581</td>\n",
       "      <td>0.877626</td>\n",
       "      <td>0.855990</td>\n",
       "      <td>1.000000</td>\n",
       "      <td>0.693911</td>\n",
       "      <td>0.795526</td>\n",
       "      <td>0.663361</td>\n",
       "      <td>0.685983</td>\n",
       "    </tr>\n",
       "    <tr>\n",
       "      <th>F_ES</th>\n",
       "      <td>0.598357</td>\n",
       "      <td>0.622674</td>\n",
       "      <td>0.621983</td>\n",
       "      <td>0.738619</td>\n",
       "      <td>0.607701</td>\n",
       "      <td>0.693911</td>\n",
       "      <td>1.000000</td>\n",
       "      <td>0.607856</td>\n",
       "      <td>0.937562</td>\n",
       "      <td>0.969905</td>\n",
       "    </tr>\n",
       "    <tr>\n",
       "      <th>F_DM</th>\n",
       "      <td>0.918480</td>\n",
       "      <td>0.896168</td>\n",
       "      <td>0.842289</td>\n",
       "      <td>0.826352</td>\n",
       "      <td>0.859639</td>\n",
       "      <td>0.795526</td>\n",
       "      <td>0.607856</td>\n",
       "      <td>1.000000</td>\n",
       "      <td>0.609543</td>\n",
       "      <td>0.605082</td>\n",
       "    </tr>\n",
       "    <tr>\n",
       "      <th>F_MD</th>\n",
       "      <td>0.596573</td>\n",
       "      <td>0.608508</td>\n",
       "      <td>0.605338</td>\n",
       "      <td>0.716670</td>\n",
       "      <td>0.596063</td>\n",
       "      <td>0.663361</td>\n",
       "      <td>0.937562</td>\n",
       "      <td>0.609543</td>\n",
       "      <td>1.000000</td>\n",
       "      <td>0.889665</td>\n",
       "    </tr>\n",
       "    <tr>\n",
       "      <th>F_YM</th>\n",
       "      <td>0.597674</td>\n",
       "      <td>0.626093</td>\n",
       "      <td>0.622296</td>\n",
       "      <td>0.723772</td>\n",
       "      <td>0.610579</td>\n",
       "      <td>0.685983</td>\n",
       "      <td>0.969905</td>\n",
       "      <td>0.605082</td>\n",
       "      <td>0.889665</td>\n",
       "      <td>1.000000</td>\n",
       "    </tr>\n",
       "  </tbody>\n",
       "</table>\n",
       "</div>"
      ],
      "text/plain": [
       "          F_FM      F_FY      F_CA      F_AX      F_AE      F_XX      F_ES  \\\n",
       "F_FM  1.000000  0.958901  0.868259  0.807734  0.904959  0.842089  0.598357   \n",
       "F_FY  0.958901  1.000000  0.905795  0.841378  0.932955  0.899792  0.622674   \n",
       "F_CA  0.868259  0.905795  1.000000  0.821627  0.889763  0.848581  0.621983   \n",
       "F_AX  0.807734  0.841378  0.821627  1.000000  0.812778  0.877626  0.738619   \n",
       "F_AE  0.904959  0.932955  0.889763  0.812778  1.000000  0.855990  0.607701   \n",
       "F_XX  0.842089  0.899792  0.848581  0.877626  0.855990  1.000000  0.693911   \n",
       "F_ES  0.598357  0.622674  0.621983  0.738619  0.607701  0.693911  1.000000   \n",
       "F_DM  0.918480  0.896168  0.842289  0.826352  0.859639  0.795526  0.607856   \n",
       "F_MD  0.596573  0.608508  0.605338  0.716670  0.596063  0.663361  0.937562   \n",
       "F_YM  0.597674  0.626093  0.622296  0.723772  0.610579  0.685983  0.969905   \n",
       "\n",
       "          F_DM      F_MD      F_YM  \n",
       "F_FM  0.918480  0.596573  0.597674  \n",
       "F_FY  0.896168  0.608508  0.626093  \n",
       "F_CA  0.842289  0.605338  0.622296  \n",
       "F_AX  0.826352  0.716670  0.723772  \n",
       "F_AE  0.859639  0.596063  0.610579  \n",
       "F_XX  0.795526  0.663361  0.685983  \n",
       "F_ES  0.607856  0.937562  0.969905  \n",
       "F_DM  1.000000  0.609543  0.605082  \n",
       "F_MD  0.609543  1.000000  0.889665  \n",
       "F_YM  0.605082  0.889665  1.000000  "
      ]
     },
     "execution_count": 56,
     "metadata": {},
     "output_type": "execute_result"
    }
   ],
   "source": [
    "df[correl].pct_change().corr()"
   ]
  },
  {
   "cell_type": "code",
   "execution_count": 57,
   "metadata": {},
   "outputs": [
    {
     "data": {
      "text/plain": [
       "<matplotlib.axes._subplots.AxesSubplot at 0x12f43cc0>"
      ]
     },
     "execution_count": 57,
     "metadata": {},
     "output_type": "execute_result"
    },
    {
     "data": {
